[SIMPLE STEP 1] particle 444:
  pos=(51.739547729, -10.340782166)
  vel=(14.517754555, -43.660125732)
  force=(0.507917345, -0.624697983)
  num neighbors: 521
